programa -1  -1 1
uno@ -55  -2 1
; -75  -1 1
variables -12  -1 2
entero -11  -1 2
con& -51  -2 2
, -76  -1 2
tres& -51  -2 2
, -76  -1 2
dos& -51  -2 2
, -76  -1 2
a& -51  -2 2
, -76  -1 2
b& -51  4 2
, -76  -1 2
c& -51  -2 2
; -75  -1 2
logico -14  -1 3
x# -54  -2 3
, -76  -1 2
cinco# -54  -2 3
; -75  -1 3
real -12  -1 4
sde% -52  8 4
; -75  -1 4
cadena -13  -1 5
o$ -53  -2 5
; -75  -1 5
inicio -2  -1 6
leer -4  -1 7
( -73  -1 7
a& -53  -2 7
) -74  -1 7
; -75  -1 8
b& -53  -2 9
= -26  -1 9
8 -11  -1 9
; -75  -1 9
si -6  -2 10
( -73  -1 10
a& -51  -2 10
<= -32  -1 10
0 -61  -1 10
) -74  -1 10
entonces -16 -1 10
inicio -2  -1 11
escribir -5  -1 11
( -73  -1 11
"La base debe ser mayor a cero"  -63 -2 11 
) -74  -1 11
; -75  -1 11
fin -3 -1 -11
si -6  -2 12
( -73  -1 12
b& -51  -2 12
<= -32  -1 12
0 -61  -1 12
) -74  -1 12
entonces -16 -1 12
inicio -2  -1 13
escribir -5  -1 13
( -73  -1 13
"La altura debe ser mayor a cero"  -63 -2 13  
) -74  -1 13
; -75  -1 13
fin -3  -1 13
sino -7  -2 14
( -73  -1 14
a& -51  -2 14
= -26  -1 14
0 -61  -2 14
|| -42  -1 14
b& -51  -2 14
= -26  -1 14
0 -61  -2 14
) -74  -1 14
escribir -5  -1 15
( -73  -1 15
"Meter valores arriba de 1"  -63 -2 15
) -74  -1 15
; -75  -1 15
entonces -16  -1 16
( -73  -1 16
a& -51  -2 16
> -33  -1 16
0 -61  -1 16
&& -41  -1 16
b& -51  -2 16
> -33  -1 16
0 -61  -2 16
) -74  -1 16
c& -51  -2 17
= -26  -1 17
( -73  -1 17
a& -51  -2 17
* -21  -1 17
b& -51  -2 17
) -74  1 17
; -75  -1 17
escribir -5  -1 18
( -73  -1 18
"Este es el resultado"  -63 -2 18 
+ -24  -1 18
c& -51  -2 18
) -74  -1 18
; -75  -1 18
fin -3 -1 18
mientras -5  -1 19
( -73  -1 19
x# -54  -2 19
= -56  1 19
true -61  -1 19
) -74  -1 19
hacer -20  -1 19
inicio -2  -1 20
con& -51  -2 21
= -26  -1 21
con& -51  -2 21
+ -24  -1 21
1 -61  -2 21
; -75  -1 21
escribir -5  -1 22
( -73  -1 22
"llevas" -63  -2 22
+ -24  -1 22
con& -51  -2 22
+ -24  -1 22
"vueltas" -63  -2 22
) -74  -1 22
fin -3  -1 23
repetir -9  -1 24
inicio -2  -1 245
escribir -5  -1 26
( -73  -1 26
dos& -51  -2 26
) -74  -1 26
; -75  -1 26
leer -4  -1 27
( -73  -1 27
tres& -51  -2 27
) -74  -1 27
fin -3  -1 28
hasta -18  -1 29
( -73  -1 29
cinco# -54  -2 29
== -35  -1 29
true -64  -1 29
) -74  -1 29
; -75  -1 29
fin -3  -1 30
